# hostname;interval;timestamp;CPU;%user;%nice;%system;%iowait;%steal;%idle
gcengine;288;1411283101;-1;13.58;0.00;1.08;0.05;0.00;85.29
gcengine;590;1411283701;-1;9.44;0.00;0.84;0.21;0.00;89.51
gcengine;595;1411284301;-1;6.84;0.00;0.54;0.05;0.00;92.56
gcengine;596;1411284901;-1;7.22;0.00;0.57;0.04;0.00;92.17
gcengine;595;1411285501;-1;8.08;0.00;0.65;0.04;0.00;91.24
gcengine;595;1411286101;-1;8.21;0.00;0.61;0.05;0.00;91.14
gcengine;595;1411286701;-1;7.86;0.00;0.62;0.06;0.00;91.46
gcengine;591;1411287301;-1;9.58;0.00;0.85;0.21;0.00;89.35
gcengine;591;1411287901;-1;9.07;0.00;0.65;0.04;0.00;90.24
gcengine;596;1411288501;-1;8.35;0.00;0.60;0.03;0.00;91.01
gcengine;591;1411289101;-1;8.33;0.00;0.65;0.03;0.00;90.98
gcengine;594;1411289701;-1;8.12;0.00;0.61;0.05;0.00;91.22
gcengine;587;1411290301;-1;10.26;0.00;0.80;0.06;0.00;88.88
gcengine;589;1411290901;-1;9.12;0.00;0.82;0.20;0.00;89.86
gcengine;596;1411291501;-1;7.57;0.00;0.60;0.03;0.00;91.80
gcengine;593;1411292101;-1;8.16;0.00;0.60;0.03;0.00;91.21
gcengine;595;1411292701;-1;7.58;0.00;0.63;0.04;0.00;91.76
gcengine;595;1411293301;-1;8.31;0.00;0.62;0.04;0.00;91.03
gcengine;592;1411293901;-1;8.75;0.00;0.66;0.03;0.00;90.56
gcengine;589;1411294501;-1;9.50;0.00;0.84;0.22;0.00;89.44
gcengine;595;1411295101;-1;8.37;0.00;0.63;0.03;0.00;90.97
gcengine;596;1411295701;-1;8.10;0.00;0.63;0.03;0.00;91.24
gcengine;592;1411296301;-1;8.53;0.00;0.66;0.03;0.00;90.77
gcengine;596;1411296901;-1;8.02;0.00;0.61;0.03;0.00;91.34
gcengine;585;1411297501;-1;11.09;0.00;0.95;0.03;0.00;87.93
gcengine;588;1411298101;-1;10.39;0.00;0.97;0.22;0.00;88.42
gcengine;594;1411298701;-1;8.55;0.00;0.74;0.03;0.00;90.68
gcengine;593;1411299301;-1;9.84;0.00;0.70;0.03;0.00;89.42
gcengine;589;1411299901;-1;11.53;0.00;0.84;0.06;0.00;87.57
gcengine;577;1411300501;-1;12.00;0.00;0.82;0.17;0.00;87.01
gcengine;595;1411301101;-1;8.64;0.00;0.70;0.03;0.00;90.64
gcengine;588;1411301701;-1;8.98;0.00;0.84;0.21;0.00;89.97
gcengine;594;1411302301;-1;7.62;0.00;0.58;0.03;0.00;91.76
gcengine;594;1411302901;-1;7.57;0.00;0.58;0.03;0.00;91.83
gcengine;595;1411303501;-1;7.76;0.00;0.60;0.03;0.00;91.60
gcengine;595;1411304101;-1;7.05;0.00;0.59;0.03;0.00;92.33
gcengine;587;1411304701;-1;10.03;0.00;0.75;0.04;0.00;89.18
gcengine;588;1411305301;-1;9.22;0.00;0.84;0.25;0.00;89.69
gcengine;592;1411305901;-1;8.96;0.00;0.70;0.04;0.00;90.31
gcengine;584;1411306501;-1;8.70;0.00;0.76;0.91;0.00;89.62
gcengine;593;1411307101;-1;7.76;0.00;0.65;0.05;0.00;91.54
gcengine;596;1411307701;-1;7.91;0.00;0.60;0.24;0.00;91.25
gcengine;596;1411308301;-1;7.52;0.00;0.63;0.04;0.00;91.80
gcengine;589;1411308901;-1;9.35;0.00;0.86;0.24;0.00;89.55
gcengine;595;1411309501;-1;7.63;0.00;0.62;0.04;0.00;91.70
gcengine;595;1411310101;-1;8.47;0.00;0.69;0.04;0.00;90.80
gcengine;595;1411310701;-1;7.60;0.00;0.61;0.04;0.00;91.75
gcengine;595;1411311301;-1;7.46;0.00;0.61;0.03;0.00;91.90
gcengine;585;1411311901;-1;10.47;0.00;0.78;0.04;0.00;88.70
gcengine;589;1411312501;-1;9.04;0.00;0.85;0.20;0.00;89.91
gcengine;595;1411313101;-1;7.54;0.00;0.60;0.04;0.00;91.82
gcengine;595;1411313701;-1;8.10;0.00;0.68;0.03;0.00;91.19
gcengine;594;1411314301;-1;8.28;0.00;0.64;0.06;0.00;91.02
gcengine;594;1411314901;-1;8.49;0.00;0.66;0.04;0.00;90.82
gcengine;593;1411315501;-1;9.03;0.00;0.68;0.04;0.00;90.25
gcengine;584;1411316101;-1;12.97;0.00;1.03;0.21;0.00;85.80
gcengine;596;1411316701;-1;7.56;0.00;0.62;0.03;0.00;91.79
gcengine;595;1411317301;-1;7.26;0.00;0.58;0.03;0.00;92.13
gcengine;595;1411317901;-1;6.55;0.00;0.56;0.06;0.00;92.83
gcengine;596;1411318501;-1;6.15;0.00;0.57;0.04;0.00;93.24
gcengine;589;1411319101;-1;8.29;0.00;0.65;0.04;0.00;91.03
gcengine;590;1411319702;-1;7.59;0.00;0.78;0.20;0.00;91.42
gcengine;594;1411320301;-1;6.49;0.00;0.56;0.04;0.00;92.92
gcengine;595;1411320901;-1;6.39;0.00;0.53;0.04;0.00;93.04
gcengine;595;1411321501;-1;6.89;0.00;0.62;0.05;0.00;92.45
gcengine;597;1411322101;-1;5.51;0.00;0.49;0.03;0.00;93.97
gcengine;594;1411322701;-1;6.61;0.00;0.56;0.04;0.00;92.78
gcengine;591;1411323301;-1;7.56;0.00;0.71;0.22;0.00;91.51
gcengine;596;1411323901;-1;5.86;0.00;0.52;0.06;0.00;93.55
gcengine;596;1411324501;-1;5.91;0.00;0.54;0.04;0.00;93.52
gcengine;594;1411325101;-1;6.28;0.00;0.59;0.04;0.00;93.09
gcengine;595;1411325701;-1;5.94;0.00;0.56;0.04;0.00;93.46
gcengine;587;1411326301;-1;9.13;0.00;0.75;0.05;0.00;90.07
gcengine;590;1411326901;-1;8.22;0.00;0.73;0.24;0.00;90.81
gcengine;596;1411327501;-1;6.42;0.00;0.56;0.04;0.00;92.99
gcengine;595;1411328101;-1;6.37;0.00;0.58;0.04;0.00;93.01
gcengine;595;1411328701;-1;6.40;0.00;0.53;0.05;0.00;93.02
gcengine;596;1411329301;-1;6.51;0.00;0.53;0.04;0.00;92.93
gcengine;593;1411329901;-1;8.84;0.00;0.70;0.04;0.00;90.41
gcengine;580;1411330501;-1;10.60;0.00;0.94;0.50;0.00;87.96
gcengine;593;1411331101;-1;8.53;0.00;0.66;0.05;0.00;90.76
gcengine;592;1411331701;-1;8.72;0.00;0.71;0.05;0.00;90.52
gcengine;593;1411332301;-1;8.64;0.00;0.70;0.06;0.00;90.61
gcengine;594;1411332901;-1;8.53;0.00;0.66;0.09;0.00;90.72
