# hostname;interval;timestamp;CPU;%user;%nice;%system;%iowait;%steal;%idle
gcengine;288;1411196701;-1;13.36;0.00;1.10;0.05;0.00;85.49
gcengine;590;1411197301;-1;9.08;0.00;0.83;0.29;0.00;89.80
gcengine;595;1411197901;-1;7.05;0.00;0.57;0.03;0.00;92.34
gcengine;595;1411198502;-1;7.54;0.00;0.60;0.04;0.00;91.83
gcengine;592;1411199101;-1;8.46;0.00;0.65;0.04;0.00;90.86
gcengine;595;1411199701;-1;7.77;0.00;0.56;0.04;0.00;91.63
gcengine;594;1411200301;-1;7.66;0.00;0.60;0.04;0.00;91.70
gcengine;589;1411200901;-1;7.88;0.00;0.83;0.36;0.00;90.93
gcengine;597;1411201501;-1;6.06;0.00;0.51;0.04;0.00;93.39
gcengine;596;1411202101;-1;6.42;0.00;0.53;0.03;0.00;93.01
gcengine;595;1411202701;-1;6.44;0.00;0.54;0.05;0.00;92.97
gcengine;596;1411203301;-1;6.45;0.00;0.53;0.04;0.00;92.99
gcengine;587;1411203901;-1;9.31;0.00;0.74;0.04;0.00;89.92
gcengine;587;1411204501;-1;9.10;0.00;0.87;0.23;0.00;89.80
gcengine;596;1411205101;-1;6.60;0.00;0.52;0.04;0.00;92.85
gcengine;595;1411205701;-1;5.98;0.00;0.53;0.03;0.00;93.46
gcengine;594;1411206301;-1;6.85;0.00;0.56;0.03;0.00;92.55
gcengine;595;1411206901;-1;6.56;0.00;0.52;0.03;0.00;92.89
gcengine;597;1411207501;-1;6.47;0.00;0.54;0.05;0.00;92.94
gcengine;590;1411208101;-1;6.93;0.00;0.71;0.25;0.00;92.11
gcengine;597;1411208701;-1;4.09;0.00;0.41;0.03;0.00;95.47
gcengine;596;1411209301;-1;5.80;0.00;0.51;0.03;0.00;93.66
gcengine;596;1411209901;-1;5.29;0.00;0.51;0.04;0.00;94.16
gcengine;597;1411210501;-1;4.96;0.00;0.44;0.04;0.00;94.57
gcengine;592;1411211101;-1;8.11;0.00;0.71;0.03;0.00;91.14
gcengine;583;1411211702;-1;7.61;0.00;0.80;0.47;0.00;91.12
gcengine;596;1411212301;-1;4.26;0.00;0.38;0.05;0.00;95.31
gcengine;597;1411212901;-1;4.94;0.00;0.46;0.04;0.00;94.56
gcengine;595;1411213501;-1;5.51;0.00;0.47;0.05;0.00;93.98
gcengine;595;1411214101;-1;4.97;0.00;0.47;0.04;0.00;94.52
gcengine;596;1411214701;-1;4.79;0.00;0.45;0.05;0.00;94.71
gcengine;580;1411215301;-1;8.15;0.00;0.81;0.28;0.00;90.76
gcengine;595;1411215901;-1;4.41;0.00;0.41;0.06;0.00;95.11
gcengine;596;1411216501;-1;4.46;0.00;0.41;0.06;0.00;95.07
gcengine;596;1411217101;-1;4.63;0.00;0.44;0.06;0.00;94.87
gcengine;595;1411217701;-1;4.97;0.00;0.42;0.04;0.00;94.58
gcengine;590;1411218301;-1;8.47;0.00;0.69;0.04;0.00;90.81
gcengine;590;1411218901;-1;7.57;0.00;0.79;0.26;0.00;91.38
gcengine;596;1411219501;-1;6.20;0.00;0.52;0.04;0.00;93.24
gcengine;583;1411220101;-1;6.88;0.00;0.72;1.90;0.00;90.50
gcengine;595;1411220701;-1;6.42;0.00;0.56;0.06;0.00;92.97
gcengine;596;1411221301;-1;6.23;0.00;0.49;0.05;0.00;93.24
gcengine;596;1411221901;-1;5.43;0.00;0.46;0.05;0.00;94.05
gcengine;586;1411222501;-1;8.62;0.00;0.79;0.23;0.00;90.36
gcengine;597;1411223101;-1;6.19;0.00;0.49;0.04;0.00;93.28
gcengine;595;1411223701;-1;6.57;0.00;0.49;0.04;0.00;92.89
gcengine;594;1411224301;-1;6.86;0.00;0.55;0.05;0.00;92.54
gcengine;595;1411224901;-1;6.60;0.00;0.55;0.06;0.00;92.79
gcengine;589;1411225501;-1;9.26;0.00;0.79;0.05;0.00;89.90
gcengine;589;1411226101;-1;8.41;0.00;0.80;0.23;0.00;90.56
gcengine;594;1411226701;-1;7.60;0.00;0.56;0.05;0.00;91.80
gcengine;596;1411227301;-1;6.46;0.00;0.56;0.05;0.00;92.94
gcengine;595;1411227901;-1;6.36;0.00;0.53;0.04;0.00;93.06
gcengine;595;1411228501;-1;5.85;0.00;0.50;0.04;0.00;93.60
gcengine;597;1411229101;-1;5.59;0.00;0.46;0.04;0.00;93.90
gcengine;590;1411229701;-1;7.31;0.00;0.76;0.34;0.00;91.59
gcengine;595;1411230301;-1;5.86;0.00;0.49;0.05;0.00;93.60
gcengine;596;1411230901;-1;6.20;0.00;0.51;0.04;0.00;93.25
gcengine;596;1411231501;-1;5.88;0.00;0.55;0.05;0.00;93.52
gcengine;596;1411232101;-1;5.64;0.00;0.47;0.04;0.00;93.84
gcengine;593;1411232701;-1;8.48;0.00;0.68;0.04;0.00;90.80
gcengine;589;1411233301;-1;7.37;0.00;0.73;0.26;0.00;91.65
gcengine;597;1411233902;-1;6.10;0.00;0.49;0.04;0.00;93.38
gcengine;595;1411234501;-1;5.75;0.00;0.45;0.04;0.00;93.76
gcengine;596;1411235101;-1;5.66;0.00;0.48;0.04;0.00;93.82
gcengine;595;1411235701;-1;6.37;0.00;0.54;0.04;0.00;93.05
gcengine;596;1411236301;-1;5.46;0.00;0.47;0.04;0.00;94.02
gcengine;581;1411236901;-1;9.59;0.00;0.91;0.29;0.00;89.21
gcengine;596;1411237501;-1;5.70;0.00;0.50;0.04;0.00;93.76
gcengine;596;1411238101;-1;5.68;0.00;0.46;0.04;0.00;93.82
gcengine;593;1411238701;-1;7.48;0.00;0.62;0.06;0.00;91.84
gcengine;595;1411239301;-1;7.70;0.00;0.61;0.05;0.00;91.64
gcengine;593;1411239901;-1;10.08;0.00;0.70;0.05;0.00;89.17
gcengine;586;1411240501;-1;9.64;0.00;0.88;0.23;0.00;89.25
gcengine;596;1411241101;-1;8.08;0.00;0.66;0.05;0.00;91.22
gcengine;595;1411241701;-1;7.44;0.00;0.58;0.04;0.00;91.94
gcengine;595;1411242301;-1;8.30;0.00;0.65;0.04;0.00;91.01
gcengine;592;1411242901;-1;10.76;0.00;0.79;0.05;0.00;88.40
gcengine;595;1411243501;-1;7.72;0.00;0.62;0.04;0.00;91.62
gcengine;582;1411244101;-1;9.96;0.00;0.88;0.25;0.00;88.92
gcengine;595;1411244701;-1;8.03;0.00;0.59;0.04;0.00;91.34
gcengine;596;1411245301;-1;7.72;0.00;0.60;0.04;0.00;91.64
gcengine;595;1411245901;-1;8.19;0.00;0.65;0.04;0.00;91.11
gcengine;596;1411246501;-1;8.07;0.00;0.61;0.03;0.00;91.29
gcengine;588;1411247101;-1;10.00;0.00;0.75;0.04;0.00;89.22
gcengine;589;1411247701;-1;9.28;0.00;0.81;0.22;0.00;89.69
gcengine;596;1411248301;-1;7.32;0.00;0.59;0.04;0.00;92.05
gcengine;595;1411248901;-1;7.46;0.00;0.60;0.05;0.00;91.89
gcengine;595;1411249502;-1;7.98;0.00;0.62;0.04;0.00;91.35
gcengine;594;1411250101;-1;7.79;0.00;0.59;0.03;0.00;91.59
gcengine;596;1411250701;-1;7.89;0.00;0.58;0.04;0.00;91.49
gcengine;589;1411251301;-1;9.32;0.00;0.88;0.26;0.00;89.54
gcengine;595;1411251901;-1;7.93;0.00;0.62;0.04;0.00;91.42
gcengine;596;1411252501;-1;8.34;0.00;0.69;0.04;0.00;90.94
gcengine;593;1411253101;-1;8.73;0.00;0.66;0.05;0.00;90.56
gcengine;596;1411253701;-1;8.08;0.00;0.62;0.04;0.00;91.26
gcengine;586;1411254301;-1;10.95;0.00;0.85;0.04;0.00;88.16
gcengine;579;1411254901;-1;11.20;0.00;1.00;0.26;0.00;87.54
gcengine;595;1411255501;-1;8.76;0.00;0.72;0.03;0.00;90.49
gcengine;596;1411256101;-1;8.19;0.00;0.61;0.03;0.00;91.17
gcengine;595;1411256701;-1;8.16;0.00;0.68;0.05;0.00;91.11
gcengine;595;1411257301;-1;7.31;0.00;0.54;0.03;0.00;92.12
gcengine;593;1411257901;-1;9.31;0.00;0.70;0.06;0.00;89.93
gcengine;589;1411258501;-1;9.95;0.00;0.88;0.25;0.00;88.92
gcengine;593;1411259101;-1;7.28;0.00;0.71;0.03;0.00;91.98
gcengine;595;1411259701;-1;8.93;0.00;0.64;0.04;0.00;90.39
gcengine;595;1411260301;-1;7.55;0.00;0.56;0.04;0.00;91.85
gcengine;595;1411260901;-1;7.89;0.00;0.64;0.04;0.00;91.43
gcengine;585;1411261501;-1;10.37;0.00;0.82;0.04;0.00;88.77
gcengine;592;1411262101;-1;8.42;0.00;0.77;0.22;0.00;90.59
gcengine;595;1411262701;-1;8.72;0.00;0.67;0.03;0.00;90.58
gcengine;594;1411263301;-1;7.82;0.00;0.60;0.03;0.00;91.55
gcengine;594;1411263901;-1;7.28;0.00;0.56;0.04;0.00;92.13
gcengine;596;1411264501;-1;6.95;0.00;0.52;0.03;0.00;92.50
gcengine;595;1411265101;-1;7.43;0.00;0.58;0.04;0.00;91.95
gcengine;591;1411265701;-1;8.63;0.00;0.78;0.23;0.00;90.35
gcengine;595;1411266301;-1;7.14;0.00;0.59;0.03;0.00;92.24
gcengine;596;1411266901;-1;6.89;0.00;0.56;0.04;0.00;92.50
gcengine;594;1411267501;-1;7.42;0.00;0.59;0.05;0.00;91.94
gcengine;595;1411268101;-1;8.08;0.00;0.58;0.03;0.00;91.31
gcengine;587;1411268701;-1;10.12;0.00;0.82;0.03;0.00;89.03
gcengine;591;1411269301;-1;8.24;0.00;0.77;0.24;0.00;90.75
gcengine;595;1411269901;-1;6.88;0.00;0.52;0.04;0.00;92.56
gcengine;596;1411270501;-1;7.02;0.00;0.59;0.04;0.00;92.36
gcengine;594;1411271101;-1;7.43;0.00;0.57;0.04;0.00;91.96
gcengine;595;1411271701;-1;7.12;0.00;0.58;0.04;0.00;92.27
gcengine;595;1411272301;-1;7.55;0.00;0.57;0.09;0.00;91.79
gcengine;592;1411272901;-1;9.16;0.00;0.81;0.21;0.00;89.82
gcengine;596;1411273501;-1;7.01;0.00;0.56;0.04;0.00;92.40
gcengine;597;1411274101;-1;7.08;0.00;0.57;0.04;0.00;92.31
gcengine;595;1411274701;-1;7.35;0.00;0.59;0.04;0.00;92.03
gcengine;597;1411275301;-1;6.53;0.00;0.52;0.04;0.00;92.91
gcengine;587;1411275901;-1;9.65;0.00;0.75;0.03;0.00;89.57
gcengine;583;1411276501;-1;10.96;0.00;0.98;0.38;0.00;87.69
gcengine;594;1411277101;-1;7.48;0.00;0.60;0.03;0.00;91.88
gcengine;595;1411277701;-1;8.07;0.00;0.64;0.04;0.00;91.25
gcengine;593;1411278301;-1;8.68;0.00;0.65;0.04;0.00;90.63
gcengine;594;1411278901;-1;7.36;0.00;0.60;0.04;0.00;92.01
gcengine;595;1411279501;-1;7.69;0.00;0.58;0.03;0.00;91.70
gcengine;581;1411280101;-1;10.51;0.00;0.96;0.22;0.00;88.30
gcengine;594;1411280701;-1;8.05;0.00;0.60;0.03;0.00;91.31
gcengine;597;1411281301;-1;7.50;0.00;0.56;0.03;0.00;91.90
gcengine;593;1411281901;-1;8.20;0.00;0.61;0.05;0.00;91.14
gcengine;594;1411282501;-1;8.62;0.00;0.66;0.05;0.00;90.67
gcengine;159;1411282741;-1;55.12;0.00;2.44;1.31;0.00;41.13
gcengine;58;1411282801;-1;10.39;0.00;0.85;0.69;0.00;88.07
